1 0.19296875 0.15234375 0.1984375 0.3046875
1 0.36875 0.16171875 0.190625 0.3234375
1 0.5375 0.175 0.203125 0.334375
1 0.71328125 0.19140625 0.2 0.328125
1 0.875 0.21015625 0.2078125 0.346875
1 0.15703125 0.4640625 0.2015625 0.3375
1 0.33359375 0.48125 0.2 0.340625
1 0.49921875 0.49375 0.2 0.340625
1 0.678125 0.51953125 0.1953125 0.3359375
1 0.83984375 0.5359375 0.20625 0.3296875
1 0.11953125 0.79375 0.2078125 0.3328125
1 0.29140625 0.8140625 0.1953125 0.3328125
1 0.465625 0.82890625 0.19375 0.309375
1 0.63671875 0.8375 0.190625 0.3140625
1 0.8 0.8484375 0.209375 0.303125