1 0.253125 0.13515625 0.24375 0.2703125
1 0.42421875 0.15703125 0.2359375 0.3140625
1 0.5875 0.184375 0.246875 0.3515625
1 0.75859375 0.22890625 0.24375 0.3453125
1 0.89375 0.27265625 0.2125 0.3640625
1 0.1671875 0.4109375 0.246875 0.353125
1 0.3390625 0.45546875 0.2453125 0.35625
1 0.5 0.49375 0.2453125 0.35625
1 0.67265625 0.546875 0.240625 0.3515625
1 0.8296875 0.58828125 0.25 0.346875
1 0.1015625 0.7296875 0.203125 0.35
1 0.2453125 0.778125 0.2390625 0.3484375
1 0.41484375 0.81953125 0.234375 0.3265625
1 0.58203125 0.84453125 0.2328125 0.3109375
1 0.7390625 0.86484375 0.253125 0.2703125