1 0.15703125 0.1703125 0.165625 0.32265625
1 0.334375 0.17265625 0.15859375 0.31875
1 0.503125 0.17265625 0.1703125 0.31875
1 0.6796875 0.17109375 0.16875 0.3125
1 0.84296875 0.17265625 0.175 0.33046875
1 0.15546875 0.5 0.16875 0.32109375
1 0.3328125 0.4984375 0.1671875 0.32421875
1 0.4984375 0.49375 0.1671875 0.32421875
1 0.67890625 0.50078125 0.16328125 0.3203125
1 0.84140625 0.5 0.175 0.3125
1 0.15234375 0.83203125 0.175 0.315625
1 0.32578125 0.834375 0.16328125 0.3171875
1 0.5 0.83046875 0.1640625 0.29453125
1 0.67109375 0.82109375 0.16015625 0.29921875
1 0.83671875 0.82890625 0.178125 0.3125