2 0.50234375 0.5078125 0.40546875 0.78046875
2 0.0953125 0.18046875 0.178125 0.3609375
2 0.2484375 0.1734375 0.1609375 0.34375
2 0.41640625 0.16484375 0.16796875 0.3296875
2 0.91796875 0.1640625 0.16328125 0.3109375
2 0.73984375 0.17421875 0.159375 0.3296875
2 0.9171875 0.509375 0.165625 0.3421875
2 0.74765625 0.50546875 0.16328125 0.3359375
2 0.25390625 0.503125 0.175 0.340625
2 0.08359375 0.5046875 0.1671875 0.340625
2 0.08203125 0.82890625 0.16328125 0.3421875
2 0.25234375 0.8296875 0.1640625 0.340625
2 0.74375 0.8359375 0.1703125 0.328125
2 0.915625 0.834375 0.16796875 0.33125