2 0.49296875 0.45703125 0.18515625 0.6484375
2 0.28984375 0.159375 0.09921875 0.2796875
2 0.36875 0.16171875 0.0796875 0.29296875
2 0.71640625 0.171875 0.09140625 0.2828125
2 0.71875 0.44375 0.08515625 0.26796875
2 0.63203125 0.44921875 0.07109375 0.30546875
2 0.71328125 0.75703125 0.08203125 0.290625
2 0.628125 0.75546875 0.08046875 0.30078125
2 0.37421875 0.75 0.09296875 0.2875
2 0.2890625 0.73515625 0.08984375 0.2796875
2 0.28359375 0.45546875 0.0859375 0.2828125
2 0.37421875 0.45390625 0.09375 0.29296875