2 0.5 0.5078125 0.59375 0.859375
2 0.8078125 0.1421875 0.265625 0.284375
2 0.6578125 0.153125 0.24375 0.30625
2 0.49375 0.16796875 0.246875 0.3359375
2 0.0640625 0.28359375 0.128125 0.3421875
2 0.184375 0.24765625 0.2390625 0.359375
2 0.11171875 0.61640625 0.2234375 0.3734375
2 0.2625 0.56953125 0.2453125 0.3671875
2 0.73828125 0.4390625 0.2578125 0.375
2 0.8890625 0.396875 0.221875 0.371875
2 0.9328125 0.70859375 0.134375 0.3734375
2 0.82421875 0.7546875 0.246875 0.371875
2 0.3515625 0.853125 0.25 0.29375
2 0.18515625 0.87421875 0.2484375 0.2515625