2 0.66640625 0.71640625 0.184375 0.54765625
2 0.809375 0.65078125 0.165625 0.54296875
2 0.89375 0.709375 0.1828125 0.55859375
2 0.2296875 0.38828125 0.146875 0.40234375
2 0.365625 0.371875 0.13203125 0.38828125
2 0.5203125 0.3828125 0.13203125 0.39453125
2 0.6671875 0.3546875 0.14765625 0.37265625
2 0.19921875 0.34375 0.13984375 0.40234375
2 0.1625 0.31015625 0.1359375 0.39765625
2 0.14375 0.2953125 0.146875 0.39296875
2 0.09453125 0.22578125 0.1203125 0.38359375
2 0.06953125 0.209375 0.128125 0.38203125