2 0.4984375 0.5078125 0.484375 0.81875
2 0.86875 0.1640625 0.215625 0.328125
2 0.71640625 0.1640625 0.1953125 0.328125
2 0.54765625 0.16484375 0.2015625 0.3296875
2 0.0734375 0.20859375 0.146875 0.3265625
2 0.22734375 0.20078125 0.1921875 0.3453125
2 0.09296875 0.55234375 0.1859375 0.3578125
2 0.25390625 0.53125 0.196875 0.3515625
2 0.7453125 0.47734375 0.209375 0.3578125
2 0.90703125 0.4609375 0.1859375 0.35625
2 0.925 0.78359375 0.15 0.3578125
2 0.78046875 0.80234375 0.1984375 0.35625
2 0.2921875 0.84375 0.203125 0.3125
2 0.12109375 0.85078125 0.2015625 0.2984375